================================================================================
### COMPREHENSIVE DATASET ANALYSIS REPORT ###
Generated on: 2025-08-15 18:14:28
================================================================================
This report provides a detailed statistical breakdown of the HAR datasets.

================================================================================
### ANALYSIS FOR: Resampled Phone Data ###
================================================================================

[Dataset Shape]
- Total Readings (Rows): 906138
- Features (Columns): 9

[Activity Distribution]
          Readings  Percentage
activity                      
A           183388       20.24
D           183386       20.24
E           183385       20.24
C           179788       19.84
B           176191       19.44

[Subject Distribution]
- Total Unique Subjects: 51
- Subject ID Range: 1600 to 1650

[Subject-Activity Breakdown (Readings per Subject/Activity)]
activity     A     B     C     D     E
subject                               
1600      3594  3594  3594  3594  3594
1601      3600  3599  3599  3600  3599
1602      3594  3594  3594  3594  3594
1603      3599  3600  3599  3600  3599
1604      3594  3594  3594  3594  3593
1605      3599  3599  3599  3600  3598
1606      3593  3594  3594  3594  3594
1607      3600  3599  3599  3600  3600
1608      3595  3595  3595  3593  3594
1609      3594     0  3594  3593  3594
1610      3594  3594  3594  3593  3594
1611      3593  3594  3594  3594  3594
1612      3594  3594  3594  3595  3594
1613      3599  3599  3598  3600  3599
1614      3598  3598  3599  3598  3598
1615      3594  3594  3594  3594  3594
1616      3594     0  3595  3593  3593
1617      3594  3594  3594  3595  3594
1618      3594  3594  3593  3591  3594
1619      3599  3600  3600  3599  3600
1620      3593  3594  3594  3595  3595
1621      3600  3599  3599  3599  3599
1622      3594  3594  3594  3594  3595
1623      3594  3594  3594  3594  3595
1624      3593  3593  3594  3595  3594
1625      3595  3592  3595  3595  3595
1626      3594  3594  3594  3594  3592
1627      3595  3595  3594  3595  3595
1628      3595  3595  3595  3592  3593
1629      3594  3595  3594  3594  3593
1630      3594  3594  3593  3594  3594
1631      3593  3594  3593  3594  3594
1632      3595  3594  3594  3595  3594
1633      3595  3594  3595  3593  3595
1634      3594  3594  3594  3594  3595
1635      3595  3594  3595  3595  3594
1636      3594  3594  3594  3594  3594
1637      3595  3595  3595  3595  3595
1638      3595  3595  3595  3596  3596
1639      3597  3595  3595  3596  3596
1640      3596  3595  3596  3595  3596
1641      3596  3598  3598  3597  3598
1642      3598  3598     0  3599  3598
1643      3598  3597  3598  3598  3598
1644      3598  3598  3599  3598  3598
1645      3599  3598  3598  3598  3598
1646      3598  3598  3598  3599  3598
1647      3599  3600  3598  3599  3600
1648      3598  3598  3598  3599  3598
1649      3600  3600  3600  3600  3600
1650      3599  3594  3599  3597  3597

[Estimated Duration in Minutes (per Subject/Activity)]
activity     A     B     C     D     E
subject                               
1600      2.99  2.99  2.99  2.99  2.99
1601      3.00  3.00  3.00  3.00  3.00
1602      2.99  2.99  2.99  2.99  2.99
1603      3.00  3.00  3.00  3.00  3.00
1604      2.99  2.99  2.99  2.99  2.99
1605      3.00  3.00  3.00  3.00  3.00
1606      2.99  2.99  2.99  2.99  2.99
1607      3.00  3.00  3.00  3.00  3.00
1608      3.00  3.00  3.00  2.99  2.99
1609      2.99  0.00  2.99  2.99  2.99
1610      2.99  2.99  2.99  2.99  2.99
1611      2.99  2.99  2.99  2.99  2.99
1612      2.99  2.99  2.99  3.00  2.99
1613      3.00  3.00  3.00  3.00  3.00
1614      3.00  3.00  3.00  3.00  3.00
1615      2.99  2.99  2.99  2.99  2.99
1616      2.99  0.00  3.00  2.99  2.99
1617      2.99  2.99  2.99  3.00  2.99
1618      2.99  2.99  2.99  2.99  2.99
1619      3.00  3.00  3.00  3.00  3.00
1620      2.99  2.99  2.99  3.00  3.00
1621      3.00  3.00  3.00  3.00  3.00
1622      2.99  2.99  2.99  2.99  3.00
1623      2.99  2.99  2.99  2.99  3.00
1624      2.99  2.99  2.99  3.00  2.99
1625      3.00  2.99  3.00  3.00  3.00
1626      2.99  2.99  2.99  2.99  2.99
1627      3.00  3.00  2.99  3.00  3.00
1628      3.00  3.00  3.00  2.99  2.99
1629      2.99  3.00  2.99  2.99  2.99
1630      2.99  2.99  2.99  2.99  2.99
1631      2.99  2.99  2.99  2.99  2.99
1632      3.00  2.99  2.99  3.00  2.99
1633      3.00  2.99  3.00  2.99  3.00
1634      2.99  2.99  2.99  2.99  3.00
1635      3.00  2.99  3.00  3.00  2.99
1636      2.99  2.99  2.99  2.99  2.99
1637      3.00  3.00  3.00  3.00  3.00
1638      3.00  3.00  3.00  3.00  3.00
1639      3.00  3.00  3.00  3.00  3.00
1640      3.00  3.00  3.00  3.00  3.00
1641      3.00  3.00  3.00  3.00  3.00
1642      3.00  3.00  0.00  3.00  3.00
1643      3.00  3.00  3.00  3.00  3.00
1644      3.00  3.00  3.00  3.00  3.00
1645      3.00  3.00  3.00  3.00  3.00
1646      3.00  3.00  3.00  3.00  3.00
1647      3.00  3.00  3.00  3.00  3.00
1648      3.00  3.00  3.00  3.00  3.00
1649      3.00  3.00  3.00  3.00  3.00
1650      3.00  2.99  3.00  3.00  3.00

================================================================================
### ANALYSIS FOR: Combined Collected Data ###
================================================================================

[Dataset Shape]
- Total Readings (Rows): 307887
- Features (Columns): 9

[Activity Distribution]
          Readings  Percentage
activity                      
A           246992       80.22
C            60895       19.78

[Subject Distribution]
- Total Unique Subjects: 21
- Subject ID Range: 1660 to 1694

[Subject-Activity Breakdown (Readings per Subject/Activity)]
activity      A      C
subject               
1660      12004  15776
1661      17560      0
1662      10803      0
1663       1416      0
1664       7148      0
1665       6003      0
1670        419  13604
1671       8496  11647
1672       6600      0
1673      25065      0
1674      17240      0
1675      11052      0
1680      15053    225
1681       8150  12136
1682      33569      0
1683      11109      0
1690        430      0
1691      27124   7507
1692      10622      0
1693       6009      0
1694      11120      0

[Estimated Duration in Minutes (per Subject/Activity)]
activity      A      C
subject               
1660      10.00  13.15
1661      14.63   0.00
1662       9.00   0.00
1663       1.18   0.00
1664       5.96   0.00
1665       5.00   0.00
1670       0.35  11.34
1671       7.08   9.71
1672       5.50   0.00
1673      20.89   0.00
1674      14.37   0.00
1675       9.21   0.00
1680      12.54   0.19
1681       6.79  10.11
1682      27.97   0.00
1683       9.26   0.00
1690       0.36   0.00
1691      22.60   6.26
1692       8.85   0.00
1693       5.01   0.00
1694       9.27   0.00

================================================================================
### ANALYSIS FOR: FINAL COMBINED DATASET ###
================================================================================

[Dataset Shape]
- Total Readings (Rows): 1214025
- Features (Columns): 9

[Activity Distribution]
          Readings  Percentage
activity                      
A           430380       35.45
C           240683       19.83
D           183386       15.11
E           183385       15.11
B           176191       14.51

[Subject Distribution]
- Total Unique Subjects: 72
- Subject ID Range: 1600 to 1694

[Subject-Activity Breakdown (Readings per Subject/Activity)]
activity      A     B      C     D     E
subject                                 
1600       3594  3594   3594  3594  3594
1601       3600  3599   3599  3600  3599
1602       3594  3594   3594  3594  3594
1603       3599  3600   3599  3600  3599
1604       3594  3594   3594  3594  3593
1605       3599  3599   3599  3600  3598
1606       3593  3594   3594  3594  3594
1607       3600  3599   3599  3600  3600
1608       3595  3595   3595  3593  3594
1609       3594     0   3594  3593  3594
1610       3594  3594   3594  3593  3594
1611       3593  3594   3594  3594  3594
1612       3594  3594   3594  3595  3594
1613       3599  3599   3598  3600  3599
1614       3598  3598   3599  3598  3598
1615       3594  3594   3594  3594  3594
1616       3594     0   3595  3593  3593
1617       3594  3594   3594  3595  3594
1618       3594  3594   3593  3591  3594
1619       3599  3600   3600  3599  3600
1620       3593  3594   3594  3595  3595
1621       3600  3599   3599  3599  3599
1622       3594  3594   3594  3594  3595
1623       3594  3594   3594  3594  3595
1624       3593  3593   3594  3595  3594
1625       3595  3592   3595  3595  3595
1626       3594  3594   3594  3594  3592
1627       3595  3595   3594  3595  3595
1628       3595  3595   3595  3592  3593
1629       3594  3595   3594  3594  3593
1630       3594  3594   3593  3594  3594
1631       3593  3594   3593  3594  3594
1632       3595  3594   3594  3595  3594
1633       3595  3594   3595  3593  3595
1634       3594  3594   3594  3594  3595
1635       3595  3594   3595  3595  3594
1636       3594  3594   3594  3594  3594
1637       3595  3595   3595  3595  3595
1638       3595  3595   3595  3596  3596
1639       3597  3595   3595  3596  3596
1640       3596  3595   3596  3595  3596
1641       3596  3598   3598  3597  3598
1642       3598  3598      0  3599  3598
1643       3598  3597   3598  3598  3598
1644       3598  3598   3599  3598  3598
1645       3599  3598   3598  3598  3598
1646       3598  3598   3598  3599  3598
1647       3599  3600   3598  3599  3600
1648       3598  3598   3598  3599  3598
1649       3600  3600   3600  3600  3600
1650       3599  3594   3599  3597  3597
1660      12004     0  15776     0     0
1661      17560     0      0     0     0
1662      10803     0      0     0     0
1663       1416     0      0     0     0
1664       7148     0      0     0     0
1665       6003     0      0     0     0
1670        419     0  13604     0     0
1671       8496     0  11647     0     0
1672       6600     0      0     0     0
1673      25065     0      0     0     0
1674      17240     0      0     0     0
1675      11052     0      0     0     0
1680      15053     0    225     0     0
1681       8150     0  12136     0     0
1682      33569     0      0     0     0
1683      11109     0      0     0     0
1690        430     0      0     0     0
1691      27124     0   7507     0     0
1692      10622     0      0     0     0
1693       6009     0      0     0     0
1694      11120     0      0     0     0

[Estimated Duration in Minutes (per Subject/Activity)]
activity      A     B      C     D     E
subject                                 
1600       2.99  2.99   2.99  2.99  2.99
1601       3.00  3.00   3.00  3.00  3.00
1602       2.99  2.99   2.99  2.99  2.99
1603       3.00  3.00   3.00  3.00  3.00
1604       2.99  2.99   2.99  2.99  2.99
1605       3.00  3.00   3.00  3.00  3.00
1606       2.99  2.99   2.99  2.99  2.99
1607       3.00  3.00   3.00  3.00  3.00
1608       3.00  3.00   3.00  2.99  2.99
1609       2.99  0.00   2.99  2.99  2.99
1610       2.99  2.99   2.99  2.99  2.99
1611       2.99  2.99   2.99  2.99  2.99
1612       2.99  2.99   2.99  3.00  2.99
1613       3.00  3.00   3.00  3.00  3.00
1614       3.00  3.00   3.00  3.00  3.00
1615       2.99  2.99   2.99  2.99  2.99
1616       2.99  0.00   3.00  2.99  2.99
1617       2.99  2.99   2.99  3.00  2.99
1618       2.99  2.99   2.99  2.99  2.99
1619       3.00  3.00   3.00  3.00  3.00
1620       2.99  2.99   2.99  3.00  3.00
1621       3.00  3.00   3.00  3.00  3.00
1622       2.99  2.99   2.99  2.99  3.00
1623       2.99  2.99   2.99  2.99  3.00
1624       2.99  2.99   2.99  3.00  2.99
1625       3.00  2.99   3.00  3.00  3.00
1626       2.99  2.99   2.99  2.99  2.99
1627       3.00  3.00   2.99  3.00  3.00
1628       3.00  3.00   3.00  2.99  2.99
1629       2.99  3.00   2.99  2.99  2.99
1630       2.99  2.99   2.99  2.99  2.99
1631       2.99  2.99   2.99  2.99  2.99
1632       3.00  2.99   2.99  3.00  2.99
1633       3.00  2.99   3.00  2.99  3.00
1634       2.99  2.99   2.99  2.99  3.00
1635       3.00  2.99   3.00  3.00  2.99
1636       2.99  2.99   2.99  2.99  2.99
1637       3.00  3.00   3.00  3.00  3.00
1638       3.00  3.00   3.00  3.00  3.00
1639       3.00  3.00   3.00  3.00  3.00
1640       3.00  3.00   3.00  3.00  3.00
1641       3.00  3.00   3.00  3.00  3.00
1642       3.00  3.00   0.00  3.00  3.00
1643       3.00  3.00   3.00  3.00  3.00
1644       3.00  3.00   3.00  3.00  3.00
1645       3.00  3.00   3.00  3.00  3.00
1646       3.00  3.00   3.00  3.00  3.00
1647       3.00  3.00   3.00  3.00  3.00
1648       3.00  3.00   3.00  3.00  3.00
1649       3.00  3.00   3.00  3.00  3.00
1650       3.00  2.99   3.00  3.00  3.00
1660      10.00  0.00  13.15  0.00  0.00
1661      14.63  0.00   0.00  0.00  0.00
1662       9.00  0.00   0.00  0.00  0.00
1663       1.18  0.00   0.00  0.00  0.00
1664       5.96  0.00   0.00  0.00  0.00
1665       5.00  0.00   0.00  0.00  0.00
1670       0.35  0.00  11.34  0.00  0.00
1671       7.08  0.00   9.71  0.00  0.00
1672       5.50  0.00   0.00  0.00  0.00
1673      20.89  0.00   0.00  0.00  0.00
1674      14.37  0.00   0.00  0.00  0.00
1675       9.21  0.00   0.00  0.00  0.00
1680      12.54  0.00   0.19  0.00  0.00
1681       6.79  0.00  10.11  0.00  0.00
1682      27.97  0.00   0.00  0.00  0.00
1683       9.26  0.00   0.00  0.00  0.00
1690       0.36  0.00   0.00  0.00  0.00
1691      22.60  0.00   6.26  0.00  0.00
1692       8.85  0.00   0.00  0.00  0.00
1693       5.01  0.00   0.00  0.00  0.00
1694       9.27  0.00   0.00  0.00  0.00

================================================================================
### KEY INSIGHTS & DATA QUALITY SUMMARY ###
================================================================================

- Overall: The final dataset contains 1,214,025 readings from 72 unique subjects.
- Class Balance: The dataset is reasonably well-balanced. The most frequent class ('A') constitutes 35.5% of the data, while the least frequent ('B') is 14.5%.
- Subject Exclusivity: CONFIRMED. The two source files contain completely separate sets of subjects. This is ideal for creating non-overlapping train/test splits based on subject ID.
- Data Structure: The data appears highly structured, especially within the 'Resampled Phone Data' file, suggesting a controlled collection environment. This provides a strong basis for a generalizable model.
- Recommendation: Due to the clear subject separation, a `GroupShuffleSplit` strategy based on 'subject' ID is the recommended approach for model training and evaluation to prevent data leakage.